4294967278,44
4294967278,46
4294967278,45
4294967278,441
4294967278,51
4294967278,49
4294967278,48
4294967278,47
4294967278,445
4294967279,266
4294967278,173
4294967279,173
4294967278,172
4294967279,312
4294967278,251
4294967278,444
4294967278,325
4294967278,52
4294967278,50
4294967278,169
4294967279,169
4294967294,12
4294967294,11
4294967294,68
4294967278,321
4294967278,55
4294967278,284
4294967279,305
4294967278,54
4294967278,53
4294967278,61
4294967278,60
4294967278,59
4294967278,58
4294967278,57
4294967278,56
4294967279,84
4294967279,82
4294967279,80
4294967279,79
4294967279,78
4294967279,77
4294967279,74
4294967279,73
4294967279,72
4294967279,71
4294967279,69
4294967279,67
4294967279,66
4294967279,65
4294967279,64
4294967279,61
4294967279,60
4294967279,59
4294967279,58
4294967279,57
4294967279,55
4294967279,46
4294967279,43
4294967279,36
4294967279,34
4294967279,33
4294967279,32
4294967279,30
4294967279,28
4294967279,27
4294967279,26
4294967279,52
4294967279,331
4294967279,51
4294967279,314
4294967279,49
4294967279,337
4294967279,48
4294967279,323
4294967279,298
4294967279,154
4294967279,153
4294967279,349
4294967294,1423
4294967279,38
4294967279,302
4294967278,130
4294967278,128
4294967278,127
4294967278,126
4294967278,125
4294967278,124
4294967278,121
4294967278,120
4294967278,119
4294967278,118
4294967278,401
4294967278,117
4294967278,116
4294967278,420
4294967278,114
4294967278,111
4294967278,109
4294967278,108
4294967278,107
4294967278,106
4294967278,105
4294967278,104
4294967278,103
4294967278,102
4294967278,217
4294967278,100
4294967278,97
4294967278,95
4294967278,426
4294967278,94
4294967278,93
4294967278,323
4294967278,92
4294967278,340
4294967278,91
4294967278,90
4294967278,89
4294967278,87
4294967278,418
4294967278,85
4294967278,317
4294967278,82
4294967278,80
4294967278,79
4294967278,78
4294967278,305
4294967278,77
4294967278,76
4294967278,71
4294967278,69
4294967278,68
4294967278,286
4294967278,67
4294967278,66
4294967278,174
4294967278,64
4294967278,63
4294967278,62
4294967279,539
4294967279,76
4294967279,519
4294967279,75
4294967279,70
4294967279,555
4294967279,68
4294967279,63
4294967279,56
4294967279,54
4294967279,53
4294967279,339
4294967279,47
4294967279,45
4294967279,346
4294967279,44
4294967279,42
4294967279,40
4294967279,39
4294967279,327
4294967279,31
4294967279,29
4294967279,315
4294967279,24
4294967279,23
4294967279,214
4294967279,22
4294967279,21
4294967279,20
4294967279,19
4294967279,18
4294967279,17
4294967279,16
4294967279,15
4294967279,14
4294967279,13
4294967279,12
4294967279,538
4294967279,11
4294967279,566
4294967279,7
4294967279,6
4294967279,5
4294967279,4
4294967279,37
4294967279,147
4294967279,303
4294967279,352
4294967294,36
4294967279,263
4294967279,262
4294967279,261
4294967279,379
4294967279,9
4294967279,255
4294967278,132
4294967278,422
4294967294,426
4294967278,346
4294967278,344
4294967278,129
4294967278,332
4294967278,330
5801,5
4294967278,329
5801,4
5801,3
5801,2
5801,1
4294967278,328
4294967294,41
4294967294,1418
4294967278,122
4294967294,43
4294967294,44
4294967294,436
4294967278,253
4294967294,52
4294967294,45
4294967294,1419
4294967278,123
4294967278,322
4294967278,446
4294967294,51
4294967294,99
4294967294,76
4294967278,250
4294967294,82
4294967278,248
4294967278,246
4294967294,91
4294967294,90
4294967294,87
4294967294,86
4294967294,84
4294967278,244
4294967278,115
4294967294,107
4294967278,242
5799,4
4294967278,240
5799,3
5799,2
5799,1
4294967278,419
4294967278,238
4294967294,5
4294967278,113
4294967278,410
4294967278,112
4294967278,234
4294967278,241
4294967278,232
4294967294,392
4294967294,115
4294967294,386
4294967294,480
4294967278,110
4294967278,230
4294967278,290
4294967278,228
4294967278,224
5798,5
4294967278,222
5798,4
5798,3
5798,2
5798,1
4294967279,378
4294967278,220
4294967294,204
4294967278,297
4294967278,216
4294967278,214
4294967278,343
4294967278,101
4294967278,213
4294967278,99
4294967278,409
4294967294,163
4294967294,182
4294967278,98
4294967278,210
4294967278,256
4294967278,209
4294967294,201
4294967278,96
4294967278,208
4294967278,235
4294967278,207
4294967278,205
5796,5
4294967278,204
5796,4
5796,3
5796,2
5796,1
4294967278,203
4294967278,201
4294967278,200
4294967278,342
4294967278,86
4294967278,199
4294967279,320
4294967278,75
4294967278,260
4294967294,8
4294967278,84
4294967278,439
4294967279,558
4294967278,83
4294967278,196
4294967278,304
4294967279,83
4294967278,195
4294967278,81
4294967278,194
4294967278,430
4294967279,81
4294967279,194
4294967279,365
4294967278,193
4294967279,192
4294967278,191
4294967278,188
5794,6
4294967278,190
5794,5
4294967294,1031
4294967294,185
5794,4
4294967278,189
5794,3
5794,2
5794,1
4294967278,255
4294967278,74
4294967278,433
4294967278,65
4294967278,73
4294967278,407
4294967278,341
4294967278,339
4294967278,347
4294967278,0
4294967278,72
4294967279,185
4294967278,184
4294967278,70
4294967278,183
4294967278,398
4294967279,183
4294967278,182
4294967278,181
4294967278,178
4294967278,180
4294967279,180
4294967278,179
4294967278,423
4294967278,177
